376.5	0.028939
377.01	0.028054
377.51	0.028677
378.02	0.02893
378.52	0.028145
379.02	0.027665
379.53	0.028912
380.03	0.026288
380.54	0.029298
381.04	0.027149
381.54	0.026075
382.05	0.027428
382.55	0.026982
383.06	0.027371
383.56	0.025211
384.06	0.026329
384.57	0.026348
385.07	0.024963
385.58	0.024835
386.08	0.024639
386.58	0.025434
387.09	0.024415
387.59	0.023242
388.1	0.022886
388.6	0.023554
389.1	0.022387
389.61	0.021281
390.11	0.02215
390.62	0.021209
391.12	0.021153
391.62	0.019887
392.13	0.020764
392.63	0.019055
393.14	0.019645
393.64	0.019026
394.14	0.019414
394.65	0.018496
395.15	0.017624
395.66	0.017732
396.16	0.017569
396.66	0.017394
397.17	0.017139
397.67	0.016456
398.18	0.016578
398.68	0.016904
399.18	0.016377
399.69	0.015773
400.19	0.015979
400.7	0.015402
401.2	0.015392
401.7	0.014835
402.21	0.015562
402.71	0.01495
403.22	0.015003
403.72	0.014143
404.22	0.014775
404.73	0.014165
405.23	0.013966
405.74	0.014125
406.24	0.013805
406.74	0.01371
407.25	0.013124
407.75	0.013881
408.26	0.013631
408.76	0.013598
409.26	0.013206
409.77	0.013558
410.27	0.013493
410.78	0.013428
411.28	0.013274
411.78	0.013455
412.29	0.013291
412.79	0.01309
413.3	0.013337
413.8	0.013493
414.3	0.013868
414.81	0.013298
415.31	0.013769
415.82	0.013712
416.32	0.01351
416.82	0.013994
417.33	0.013791
417.83	0.013746
418.34	0.013424
418.84	0.013964
419.34	0.014174
419.85	0.014396
420.35	0.014092
420.86	0.014342
421.36	0.014448
421.86	0.014614
422.37	0.014578
422.87	0.014528
423.38	0.014432
423.88	0.014384
424.38	0.014653
424.89	0.014426
425.39	0.014853
425.9	0.014503
426.4	0.01479
426.9	0.014818
427.41	0.014734
427.91	0.014692
428.42	0.014527
428.92	0.01479
429.42	0.014645
429.93	0.014829
430.43	0.014883
430.94	0.014718
431.44	0.014859
431.94	0.014761
432.45	0.014503
432.95	0.014784
433.46	0.014727
433.96	0.014469
434.46	0.014565
434.97	0.014738
435.47	0.014644
435.98	0.014521
436.48	0.014673
436.98	0.014361
437.49	0.014352
437.99	0.014585
438.5	0.014495
439	0.014319
439.5	0.014321
440.01	0.014158
440.51	0.014417
441.02	0.014312
441.52	0.014132
442.02	0.014353
442.53	0.014273
443.03	0.014301
443.54	0.014274
444.04	0.014239
444.54	0.014253
445.05	0.014375
445.55	0.014337
446.06	0.014364
446.56	0.014394
447.06	0.014376
447.57	0.014433
448.07	0.014515
448.58	0.01432
449.08	0.014292
449.58	0.014562
450.09	0.014467
450.59	0.014552
451.1	0.014751
451.6	0.014617
452.1	0.014556
452.61	0.014438
453.11	0.014597
453.62	0.014568
454.12	0.014695
454.62	0.014494
455.13	0.014581
455.63	0.014662
456.14	0.01461
456.64	0.014541
457.14	0.014601
457.65	0.01468
458.15	0.014651
458.66	0.014625
459.16	0.014614
459.66	0.014625
460.17	0.014633
460.67	0.014536
461.18	0.014665
461.68	0.014626
462.18	0.014553
462.69	0.014558
463.19	0.014525
463.7	0.014601
464.2	0.01456
464.7	0.01464
465.21	0.014537
465.71	0.014603
466.22	0.014479
466.72	0.014565
467.22	0.014639
467.73	0.014537
468.23	0.01471
468.74	0.014485
469.24	0.014578
469.74	0.014626
470.25	0.014579
470.75	0.014499
471.26	0.01461
471.76	0.014623
472.26	0.014514
472.77	0.014502
473.27	0.014502
473.78	0.014637
474.28	0.014615
474.78	0.014513
475.29	0.014476
475.79	0.014552
476.3	0.014543
476.8	0.014482
477.3	0.014423
477.81	0.014501
478.31	0.014443
478.82	0.014523
479.32	0.014404
479.82	0.014323
480.33	0.014423
480.83	0.014395
481.34	0.014343
481.84	0.014349
482.34	0.014381
482.85	0.01435
483.35	0.014381
483.86	0.014299
484.36	0.01434
484.86	0.014346
485.37	0.014308
485.87	0.014265
486.38	0.014191
486.88	0.014248
487.38	0.01427
487.89	0.014232
488.39	0.014297
488.9	0.014241
489.4	0.014244
489.9	0.014161
490.41	0.014206
490.91	0.014176
491.42	0.014151
491.92	0.014097
492.42	0.014183
492.93	0.014261
493.43	0.014206
493.94	0.014172
494.44	0.014103
494.94	0.014121
495.45	0.01419
495.95	0.014162
496.46	0.014182
496.96	0.014184
497.46	0.014056
497.97	0.014119
498.47	0.014141
498.98	0.014129
499.48	0.0141
499.98	0.014125
500.49	0.014134
500.99	0.014096
501.5	0.014218
502	0.014121
502.5	0.014068
503.01	0.014194
503.51	0.014127
504.02	0.014154
504.52	0.014156
505.02	0.014056
505.53	0.014151
506.03	0.014105
506.54	0.014107
507.04	0.014082
507.54	0.014028
508.05	0.014049
508.55	0.01412
509.06	0.014086
509.56	0.014089
510.06	0.01407
510.57	0.014032
511.07	0.014077
511.58	0.014047
512.08	0.014079
512.58	0.013987
513.09	0.013973
513.59	0.013993
514.1	0.014002
514.6	0.013947
515.1	0.013955
515.61	0.013898
516.11	0.013921
516.62	0.013967
517.12	0.013943
517.62	0.013856
518.13	0.013923
518.63	0.013897
519.14	0.013868
519.64	0.013801
520.14	0.013794
520.65	0.01382
521.15	0.013833
521.66	0.013791
522.16	0.013823
522.66	0.01377
523.17	0.013714
523.67	0.013748
524.18	0.013687
524.68	0.013706
525.18	0.01374
525.69	0.01371
526.19	0.013652
526.7	0.013728
527.2	0.013708
527.7	0.013644
528.21	0.01363
528.71	0.013649
529.22	0.013652
529.72	0.013597
530.22	0.013639
530.73	0.013683
531.23	0.013601
531.74	0.013606
532.24	0.01353
532.74	0.013572
533.25	0.013567
533.75	0.013571
534.26	0.013544
534.76	0.013491
535.26	0.013547
535.77	0.013502
536.27	0.013498
536.78	0.013503
537.28	0.013463
537.78	0.013572
538.29	0.013529
538.79	0.013466
539.3	0.013391
539.8	0.01339
540.3	0.013446
540.81	0.013478
541.31	0.01341
541.82	0.013375
542.32	0.013412
542.82	0.013365
543.33	0.013375
543.83	0.013374
544.34	0.013273
544.84	0.013365
545.34	0.013322
545.85	0.013281
546.35	0.013322
546.86	0.013299
547.36	0.013324
547.86	0.013284
548.37	0.013328
548.87	0.013299
549.38	0.013274
549.88	0.013217
550.38	0.013247
550.89	0.013319
551.39	0.01322
551.9	0.013223
552.4	0.013156
552.9	0.013217
553.41	0.013187
553.91	0.013196
554.42	0.013185
554.92	0.013198
555.42	0.013102
555.93	0.013109
556.43	0.013153
556.94	0.013129
557.44	0.013064
557.94	0.013151
558.45	0.013134
558.95	0.013094
559.46	0.013098
559.96	0.01308
560.46	0.013047
560.97	0.013067
561.47	0.013057
561.98	0.013003
562.48	0.013027
562.98	0.013077
563.49	0.012985
563.99	0.012972
564.5	0.012971
565	0.012999
565.5	0.012872
566.01	0.01296
566.51	0.012972
567.02	0.012972
567.52	0.012906
568.02	0.012919
568.53	0.012918
569.03	0.012924
569.54	0.012904
570.04	0.012903
570.54	0.0129
571.05	0.012915
571.55	0.012898
572.06	0.012838
572.56	0.012854
573.06	0.012821
573.57	0.012795
574.07	0.012814
574.58	0.012767
575.08	0.012799
575.58	0.012773
576.09	0.012744
576.59	0.012761
577.1	0.012754
577.6	0.012712
578.1	0.012701
578.61	0.012731
579.11	0.012689
579.62	0.012758
580.12	0.012693
580.62	0.012725
581.13	0.012707
581.63	0.012684
582.14	0.012706
582.64	0.012673
583.14	0.01264
583.65	0.012652
584.15	0.012629
584.66	0.012654
585.16	0.01262
585.66	0.012648
586.17	0.012615
586.67	0.012559
587.18	0.012608
587.68	0.012592
588.18	0.01255
588.69	0.012566
589.19	0.012534
589.7	0.012585
590.2	0.012572
590.7	0.012571
591.21	0.012609
591.71	0.012554
592.22	0.012529
592.72	0.012512
593.22	0.012517
593.73	0.012533
594.23	0.012495
594.74	0.012526
595.24	0.012475
595.74	0.012491
596.25	0.012452
596.75	0.012437
597.26	0.012513
597.76	0.012421
598.26	0.012427
598.77	0.012481
599.27	0.012436
599.78	0.012426
600.28	0.012421
600.78	0.012435
601.29	0.012424
601.79	0.012386
602.3	0.012461
602.8	0.012408
603.3	0.012394
603.81	0.012432
604.31	0.012393
604.82	0.012404
605.32	0.012305
605.82	0.012307
606.33	0.012325
606.83	0.012389
607.34	0.012356
607.84	0.012263
608.34	0.012302
608.85	0.012318
609.35	0.012302
609.86	0.01231
610.36	0.012292
610.86	0.012296
611.37	0.012213
611.87	0.012262
612.38	0.012286
612.88	0.012251
613.38	0.012199
613.89	0.012222
614.39	0.012247
614.9	0.012192
615.4	0.012227
615.9	0.01221
616.41	0.012177
616.91	0.012239
617.42	0.012136
617.92	0.012168
618.42	0.012165
618.93	0.0122
619.43	0.012157
619.94	0.012125
620.44	0.0121
620.94	0.012052
621.45	0.01217
621.95	0.012066
622.46	0.012029
622.96	0.012039
623.46	0.011996
623.97	0.012024
624.47	0.012084
624.98	0.012026
625.48	0.012034
625.98	0.011959
626.49	0.011946
626.99	0.011966
627.5	0.011914
628	0.011976
628.5	0.011972
629.01	0.011953
629.51	0.011924
630.02	0.011898
630.52	0.011972
631.02	0.011951
631.53	0.011933
632.03	0.011956
632.54	0.011927
633.04	0.011915
633.54	0.011862
634.05	0.011946
634.55	0.011835
635.06	0.0119
635.56	0.011856
636.06	0.011854
636.57	0.011892
637.07	0.011834
637.58	0.011864
638.08	0.011843
638.58	0.011796
639.09	0.011853
639.59	0.011814
640.1	0.011828
640.6	0.011782
641.1	0.011715
641.61	0.011843
642.11	0.011823
642.62	0.011777
643.12	0.011734
643.62	0.011713
644.13	0.011792
644.63	0.011723
645.14	0.011699
645.64	0.011658
646.14	0.011696
646.65	0.01165
647.15	0.011628
647.66	0.011676
648.16	0.011677
648.66	0.011636
649.17	0.01164
649.67	0.0116
650.18	0.011617
650.68	0.011623
651.18	0.011569
651.69	0.011656
652.19	0.011629
652.7	0.011654
653.2	0.011604
653.7	0.011679
654.21	0.011623
654.71	0.01165
655.22	0.011653
655.72	0.011632
656.22	0.011564
656.73	0.011694
657.23	0.011598
657.74	0.01171
658.24	0.011564
658.74	0.011726
659.25	0.011556
659.75	0.011628
660.26	0.011664
660.76	0.01169
661.26	0.011622
661.77	0.011691
662.27	0.011754
662.78	0.011643
663.28	0.01161
663.78	0.011625
664.29	0.01161
664.79	0.011618
665.3	0.011617
665.8	0.011514
666.3	0.011525
666.81	0.011556
667.31	0.011567
667.82	0.01158
668.32	0.011453
668.82	0.011482
669.33	0.011457
669.83	0.011383
670.34	0.011502
670.84	0.011365
671.34	0.011309
671.85	0.011349
672.35	0.011318
672.86	0.011386
673.36	0.011403
673.86	0.011298
674.37	0.01128
674.87	0.011144
675.38	0.011079
675.88	0.011238
676.38	0.010968
676.89	0.011096
677.39	0.011151
677.9	0.01108
678.4	0.011028
678.9	0.010923
679.41	0.011159
679.91	0.010949
680.42	0.010997
680.92	0.011016
681.42	0.010857
681.93	0.010953
682.43	0.010808
682.94	0.010881
683.44	0.010811
683.94	0.010775
684.45	0.010825
684.95	0.01084
685.46	0.010833
685.96	0.010719
686.46	0.01088
686.97	0.010754
687.47	0.010803
687.98	0.010856
688.48	0.010757
688.98	0.010789
689.49	0.010755
689.99	0.010868
690.5	0.010799
691	0.010653
691.5	0.010686
692.01	0.010696
692.51	0.010833
693.02	0.010717
693.52	0.010828
694.02	0.010619
694.53	0.010844
695.03	0.010672
695.54	0.010859
696.04	0.010791
696.54	0.010632
697.05	0.010707
697.55	0.010719
698.06	0.010687
698.56	0.010676
699.06	0.010719
699.57	0.010658
700.07	0.010638
700.58	0.010639
701.08	0.010464
701.58	0.010564
702.09	0.01055
702.59	0.010311
703.1	0.010386
703.6	0.010472
704.1	0.010467
704.61	0.010152
705.11	0.010324
705.62	0.010215
706.12	0.010386
706.62	0.010149
707.13	0.0102
707.63	0.0098857
708.14	0.010163
708.64	0.0098428
709.14	0.010096
709.65	0.0099716
710.15	0.0098239
710.66	0.0097481
711.16	0.0098877
711.66	0.0095933
712.17	0.0095973
712.67	0.0096037
713.18	0.0096712
713.68	0.0095949
714.18	0.0095172
714.69	0.0096775
715.19	0.0093616
715.7	0.0094021
716.2	0.0092338
716.7	0.0092119
717.21	0.0090171
717.71	0.0091956
718.22	0.0091935
718.72	0.0093275
719.22	0.0089833
719.73	0.009083
720.23	0.0091609
720.74	0.0089564
721.24	0.0089417
721.74	0.009148
722.25	0.0091188
722.75	0.0090367
723.26	0.0089047
723.76	0.0085194
724.26	0.0088783
724.77	0.0086128
725.27	0.0085455
725.78	0.008881
726.28	0.0086261
726.78	0.0084978
727.29	0.0088713
727.79	0.0085956
728.3	0.0089808
728.8	0.008672
729.3	0.0088823
729.81	0.0093137
730.31	0.0088079
730.82	0.0086091
731.32	0.0089315
731.82	0.0088161
732.33	0.0093088
732.83	0.0094338
733.34	0.0092881
733.84	0.0088905
734.34	0.0090018
734.85	0.0093441
735.35	0.0090474
735.86	0.0090574
736.36	0.0096532
736.86	0.0094845
737.37	0.0091791
737.87	0.0092772
738.38	0.0092309
738.88	0.0095269
739.38	0.0095605
739.89	0.0096713
740.39	0.0098972
740.9	0.0091429
741.4	0.0092428
741.9	0.0098813
742.41	0.0095463
742.91	0.0097501
743.42	0.0096321
743.92	0.010448
744.42	0.0099975
744.93	0.010163
745.43	0.009972
745.94	0.0099387
746.44	0.010319
746.94	0.010592
747.45	0.010333
747.95	0.01049
748.46	0.01016
748.96	0.010679
749.46	0.010051
749.97	0.010343
750.47	0.010011
750.98	0.010771
751.48	0.010671
751.98	0.010341
752.49	0.010134
752.99	0.010769
753.5	0.010422
754	0.01017
754.5	0.010833
755.01	0.011189
755.51	0.010615
756.02	0.010751
756.52	0.010994
757.02	0.010313
757.53	0.010516
758.03	0.010343
758.54	0.010488
759.04	0.0097801
759.54	0.011126
760.05	0.010243
760.55	0.011406
761.06	0.010924
761.56	0.010992
762.06	0.010293
762.57	0.010544
763.07	0.010468
763.58	0.011394
764.08	0.011097
764.58	0.012259
765.09	0.010795
765.59	0.011802
766.1	0.011375
766.6	0.012019
767.1	0.010605
767.61	0.011491
768.11	0.011397
768.62	0.011576
769.12	0.011632
