376.5	0.035118
377.01	0.03442
377.51	0.034452
378.02	0.035711
378.52	0.034951
379.02	0.032474
379.53	0.032829
380.03	0.031275
380.54	0.031563
381.04	0.030947
381.54	0.030845
382.05	0.029694
382.55	0.029527
383.06	0.028426
383.56	0.027872
384.06	0.028546
384.57	0.027987
385.07	0.02635
385.58	0.026613
386.08	0.026714
386.58	0.025452
387.09	0.024798
387.59	0.024504
388.1	0.023718
388.6	0.024406
389.1	0.02287
389.61	0.022691
390.11	0.022247
390.62	0.022379
391.12	0.02081
391.62	0.020772
392.13	0.021277
392.63	0.020851
393.14	0.020928
393.64	0.020181
394.14	0.019952
394.65	0.020212
395.15	0.019132
395.66	0.019253
396.16	0.018775
396.66	0.019168
397.17	0.018519
397.67	0.018228
398.18	0.018262
398.68	0.018
399.18	0.018156
399.69	0.018182
400.19	0.017686
400.7	0.017645
401.2	0.017532
401.7	0.017543
402.21	0.017799
402.71	0.018017
403.22	0.017803
403.72	0.01757
404.22	0.017813
404.73	0.017842
405.23	0.017737
405.74	0.018072
406.24	0.017591
406.74	0.018131
407.25	0.017883
407.75	0.017913
408.26	0.017863
408.76	0.017955
409.26	0.017982
409.77	0.017809
410.27	0.018377
410.78	0.018564
411.28	0.018055
411.78	0.018013
412.29	0.018459
412.79	0.018235
413.3	0.018212
413.8	0.01834
414.3	0.018147
414.81	0.018305
415.31	0.018041
415.82	0.01864
416.32	0.017796
416.82	0.018486
417.33	0.018193
417.83	0.018376
418.34	0.018012
418.84	0.018353
419.34	0.018433
419.85	0.018253
420.35	0.018099
420.86	0.017925
421.36	0.018026
421.86	0.017859
422.37	0.018095
422.87	0.018195
423.38	0.017798
423.88	0.018026
424.38	0.017875
424.89	0.017889
425.39	0.017621
425.9	0.017741
426.4	0.017722
426.9	0.01765
427.41	0.017614
427.91	0.017688
428.42	0.017574
428.92	0.017477
429.42	0.017379
429.93	0.017434
430.43	0.017621
430.94	0.017496
431.44	0.017579
431.94	0.017419
432.45	0.017481
432.95	0.01746
433.46	0.017326
433.96	0.017341
434.46	0.017185
434.97	0.017362
435.47	0.017611
435.98	0.017261
436.48	0.017453
436.98	0.017286
437.49	0.017155
437.99	0.017413
438.5	0.017152
439	0.01723
439.5	0.017305
440.01	0.017431
440.51	0.01744
441.02	0.017292
441.52	0.017221
442.02	0.017177
442.53	0.017098
443.03	0.017067
443.54	0.017144
444.04	0.017145
444.54	0.017014
445.05	0.017135
445.55	0.017119
446.06	0.016986
446.56	0.017152
447.06	0.017041
447.57	0.016942
448.07	0.017037
448.58	0.017016
449.08	0.016825
449.58	0.016789
450.09	0.017104
450.59	0.016913
451.1	0.016911
451.6	0.016812
452.1	0.016782
452.61	0.017017
453.11	0.016829
453.62	0.016638
454.12	0.016816
454.62	0.016886
455.13	0.016669
455.63	0.016869
456.14	0.016643
456.64	0.016724
457.14	0.016706
457.65	0.016656
458.15	0.01665
458.66	0.016647
459.16	0.016652
459.66	0.016565
460.17	0.016636
460.67	0.016539
461.18	0.016653
461.68	0.016654
462.18	0.016581
462.69	0.016612
463.19	0.016575
463.7	0.016625
464.2	0.016528
464.7	0.016482
465.21	0.016515
465.71	0.016578
466.22	0.016367
466.72	0.016451
467.22	0.016436
467.73	0.016395
468.23	0.01632
468.74	0.016379
469.24	0.016443
469.74	0.016249
470.25	0.016315
470.75	0.016281
471.26	0.016222
471.76	0.016193
472.26	0.016127
472.77	0.016097
473.27	0.016122
473.78	0.016063
474.28	0.016032
474.78	0.016057
475.29	0.015986
475.79	0.015951
476.3	0.015955
476.8	0.015882
477.3	0.015871
477.81	0.015868
478.31	0.015804
478.82	0.015743
479.32	0.015752
479.82	0.015649
480.33	0.015664
480.83	0.01561
481.34	0.01563
481.84	0.015571
482.34	0.015592
482.85	0.015585
483.35	0.015593
483.86	0.015454
484.36	0.015517
484.86	0.015614
485.37	0.015532
485.87	0.015424
486.38	0.015427
486.88	0.015421
487.38	0.01546
487.89	0.015391
488.39	0.015335
488.9	0.015383
489.4	0.015386
489.9	0.015346
490.41	0.015402
490.91	0.015404
491.42	0.015338
491.92	0.015273
492.42	0.015336
492.93	0.015281
493.43	0.015381
493.94	0.015229
494.44	0.015314
494.94	0.015262
495.45	0.015262
495.95	0.015171
496.46	0.015159
496.96	0.015176
497.46	0.01521
497.97	0.015076
498.47	0.01521
498.98	0.015057
499.48	0.01515
499.98	0.015074
500.49	0.015025
500.99	0.015056
501.5	0.014982
502	0.014955
502.5	0.014968
503.01	0.014943
503.51	0.01491
504.02	0.014845
504.52	0.01484
505.02	0.014843
505.53	0.014794
506.03	0.014823
506.54	0.014794
507.04	0.014679
507.54	0.014749
508.05	0.014723
508.55	0.01468
509.06	0.014739
509.56	0.01457
510.06	0.014611
510.57	0.014577
511.07	0.014538
511.58	0.01463
512.08	0.014508
512.58	0.014514
513.09	0.014563
513.59	0.0145
514.1	0.014428
514.6	0.014428
515.1	0.014414
515.61	0.014456
516.11	0.014399
516.62	0.014365
517.12	0.014351
517.62	0.014302
518.13	0.014237
518.63	0.014236
519.14	0.014277
519.64	0.014273
520.14	0.01421
520.65	0.014227
521.15	0.014257
521.66	0.014239
522.16	0.014178
522.66	0.014118
523.17	0.014161
523.67	0.014147
524.18	0.0141
524.68	0.01417
525.18	0.014069
525.69	0.014053
526.19	0.013996
526.7	0.013995
527.2	0.014007
527.7	0.013991
528.21	0.01398
528.71	0.013966
529.22	0.013956
529.72	0.013962
530.22	0.013913
530.73	0.013908
531.23	0.013879
531.74	0.013921
532.24	0.013846
532.74	0.013842
533.25	0.013805
533.75	0.013794
534.26	0.013746
534.76	0.013771
535.26	0.013799
535.77	0.0137
536.27	0.01367
536.78	0.013754
537.28	0.013736
537.78	0.013653
538.29	0.013705
538.79	0.013665
539.3	0.013689
539.8	0.013606
540.3	0.013609
540.81	0.013587
541.31	0.01363
541.82	0.01358
542.32	0.013546
542.82	0.013586
543.33	0.013613
543.83	0.013539
544.34	0.013535
544.84	0.013505
545.34	0.013494
545.85	0.013444
546.35	0.013517
546.86	0.013453
547.36	0.013416
547.86	0.013432
548.37	0.013461
548.87	0.013434
549.38	0.013406
549.88	0.013342
550.38	0.013425
550.89	0.013346
551.39	0.01336
551.9	0.013406
552.4	0.013351
552.9	0.013306
553.41	0.013282
553.91	0.013305
554.42	0.013278
554.92	0.013277
555.42	0.013258
555.93	0.013256
556.43	0.013208
556.94	0.013263
557.44	0.013251
557.94	0.013208
558.45	0.013184
558.95	0.013187
559.46	0.013215
559.96	0.01317
560.46	0.013162
560.97	0.013166
561.47	0.013123
561.98	0.013132
562.48	0.013131
562.98	0.013099
563.49	0.013098
563.99	0.01311
564.5	0.013082
565	0.013061
565.5	0.013061
566.01	0.013036
566.51	0.013049
567.02	0.013026
567.52	0.012985
568.02	0.012998
568.53	0.012948
569.03	0.012997
569.54	0.012955
570.04	0.012957
570.54	0.012923
571.05	0.012952
571.55	0.012925
572.06	0.012921
572.56	0.012898
573.06	0.012885
573.57	0.01291
574.07	0.012876
574.58	0.012868
575.08	0.012835
575.58	0.012858
576.09	0.012897
576.59	0.012831
577.1	0.012887
577.6	0.012858
578.1	0.012872
578.61	0.012808
579.11	0.012868
579.62	0.012795
580.12	0.012823
580.62	0.012765
581.13	0.012775
581.63	0.012803
582.14	0.012759
582.64	0.012771
583.14	0.012811
583.65	0.012784
584.15	0.012782
584.66	0.012751
585.16	0.012722
585.66	0.012749
586.17	0.012736
586.67	0.012748
587.18	0.012701
587.68	0.012718
588.18	0.012708
588.69	0.012717
589.19	0.012756
589.7	0.012684
590.2	0.012706
590.7	0.012578
591.21	0.012674
591.71	0.012623
592.22	0.012635
592.72	0.012668
593.22	0.01259
593.73	0.012621
594.23	0.01261
594.74	0.01264
595.24	0.012646
595.74	0.012574
596.25	0.012535
596.75	0.012606
597.26	0.012556
597.76	0.012566
598.26	0.012589
598.77	0.012543
599.27	0.012513
599.78	0.012498
600.28	0.012495
600.78	0.012501
601.29	0.012513
601.79	0.012476
602.3	0.012538
602.8	0.012463
603.3	0.012441
603.81	0.012472
604.31	0.012485
604.82	0.012414
605.32	0.012525
605.82	0.01243
606.33	0.012431
606.83	0.012471
607.34	0.01247
607.84	0.012438
608.34	0.012458
608.85	0.012377
609.35	0.012395
609.86	0.012433
610.36	0.012367
610.86	0.012434
611.37	0.012413
611.87	0.012371
612.38	0.012391
612.88	0.012361
613.38	0.012286
613.89	0.012344
614.39	0.012343
614.9	0.01231
615.4	0.012329
615.9	0.012309
616.41	0.012267
616.91	0.012308
617.42	0.012324
617.92	0.01224
618.42	0.012298
618.93	0.012255
619.43	0.012274
619.94	0.012343
620.44	0.012255
620.94	0.012275
621.45	0.012253
621.95	0.01222
622.46	0.012244
622.96	0.012238
623.46	0.012206
623.97	0.012191
624.47	0.012134
624.98	0.012146
625.48	0.012126
625.98	0.012115
626.49	0.012134
626.99	0.012099
627.5	0.012063
628	0.012069
628.5	0.011993
629.01	0.012054
629.51	0.012058
630.02	0.012078
630.52	0.012024
631.02	0.012108
631.53	0.011982
632.03	0.012065
632.54	0.012009
633.04	0.01201
633.54	0.012075
634.05	0.012026
634.55	0.012013
635.06	0.01196
635.56	0.01198
636.06	0.011944
636.57	0.011966
637.07	0.011967
637.58	0.011995
638.08	0.01187
638.58	0.011948
639.09	0.011911
639.59	0.011891
640.1	0.011866
640.6	0.011845
641.1	0.011907
641.61	0.011944
642.11	0.011897
642.62	0.011874
643.12	0.011789
643.62	0.011847
644.13	0.011831
644.63	0.011868
645.14	0.011798
645.64	0.011808
646.14	0.011805
646.65	0.011774
647.15	0.011732
647.66	0.011707
648.16	0.011837
648.66	0.011772
649.17	0.011722
649.67	0.011734
650.18	0.011763
650.68	0.011783
651.18	0.011676
651.69	0.011838
652.19	0.01178
652.7	0.01169
653.2	0.011741
653.7	0.011736
654.21	0.011734
654.71	0.011696
655.22	0.011738
655.72	0.011731
656.22	0.011703
656.73	0.011769
657.23	0.011755
657.74	0.011683
658.24	0.011724
658.74	0.011736
659.25	0.011711
659.75	0.01172
660.26	0.011694
660.76	0.011671
661.26	0.011594
661.77	0.011676
662.27	0.011688
662.78	0.011642
663.28	0.01167
663.78	0.011669
664.29	0.0116
664.79	0.011717
665.3	0.011643
665.8	0.011556
666.3	0.011576
666.81	0.01157
667.31	0.011455
667.82	0.011496
668.32	0.011521
668.82	0.011506
669.33	0.011428
669.83	0.011543
670.34	0.011557
670.84	0.011404
671.34	0.011443
671.85	0.011352
672.35	0.011503
672.86	0.011449
673.36	0.011456
673.86	0.011475
674.37	0.01138
674.87	0.011338
675.38	0.011337
675.88	0.011373
676.38	0.011467
676.89	0.011278
677.39	0.011219
677.9	0.011252
678.4	0.011311
678.9	0.011259
679.41	0.011196
679.91	0.011215
680.42	0.011175
680.92	0.011216
681.42	0.011123
681.93	0.011063
682.43	0.011033
682.94	0.011226
683.44	0.011071
683.94	0.01111
684.45	0.011001
684.95	0.011101
685.46	0.011146
685.96	0.011089
686.46	0.011056
686.97	0.011143
687.47	0.011011
687.98	0.011083
688.48	0.011076
688.98	0.011043
689.49	0.011022
689.99	0.011109
690.5	0.01109
691	0.011048
691.5	0.011006
692.01	0.011187
692.51	0.011257
693.02	0.011195
693.52	0.011292
694.02	0.011109
694.53	0.011534
695.03	0.011272
695.54	0.011314
696.04	0.011533
696.54	0.01128
697.05	0.011515
697.55	0.011461
698.06	0.011407
698.56	0.011506
699.06	0.011217
699.57	0.01162
700.07	0.011396
700.58	0.011637
701.08	0.011653
701.58	0.011494
702.09	0.011623
702.59	0.011559
703.1	0.011746
703.6	0.01176
704.1	0.011546
704.61	0.011557
705.11	0.01171
705.62	0.011559
706.12	0.011634
706.62	0.011603
707.13	0.011611
707.63	0.01191
708.14	0.01175
708.64	0.011706
709.14	0.011782
709.65	0.011625
710.15	0.011798
710.66	0.011601
711.16	0.011619
711.66	0.011499
712.17	0.011673
712.67	0.011709
713.18	0.01143
713.68	0.011757
714.18	0.011587
714.69	0.011586
715.19	0.011536
715.7	0.011537
716.2	0.011651
716.7	0.011333
717.21	0.011455
717.71	0.011335
718.22	0.011095
718.72	0.011538
719.22	0.011556
719.73	0.011328
720.23	0.011363
720.74	0.01155
721.24	0.011278
721.74	0.011321
722.25	0.011622
722.75	0.011483
723.26	0.011332
723.76	0.011304
724.26	0.011373
724.77	0.011135
725.27	0.011783
725.78	0.01141
726.28	0.011743
726.78	0.011608
727.29	0.011839
727.79	0.011863
728.3	0.011563
728.8	0.011978
729.3	0.011883
729.81	0.012128
730.31	0.011937
730.82	0.011818
731.32	0.012151
731.82	0.011531
732.33	0.012406
732.83	0.012149
733.34	0.012496
733.84	0.01202
734.34	0.011951
734.85	0.012326
735.35	0.012389
735.86	0.012774
736.36	0.01312
736.86	0.011584
737.37	0.012515
737.87	0.012848
738.38	0.012918
738.88	0.012537
739.38	0.013309
739.89	0.012489
740.39	0.013107
740.9	0.013191
741.4	0.013544
741.9	0.013331
742.41	0.013949
742.91	0.01369
743.42	0.014109
743.92	0.014273
744.42	0.014114
744.93	0.014609
745.43	0.014078
745.94	0.014343
746.44	0.014213
746.94	0.014406
747.45	0.014289
747.95	0.014755
748.46	0.015036
748.96	0.014351
749.46	0.015074
749.97	0.014595
750.47	0.014856
750.98	0.015277
751.48	0.015607
751.98	0.015627
752.49	0.016181
752.99	0.015912
753.5	0.016094
754	0.015678
754.5	0.015532
755.01	0.015346
755.51	0.016274
756.02	0.016953
756.52	0.016044
757.02	0.016599
757.53	0.016523
758.03	0.016324
758.54	0.016623
759.04	0.017721
759.54	0.017381
760.05	0.017102
760.55	0.016285
761.06	0.01828
761.56	0.018147
762.06	0.017373
762.57	0.017164
763.07	0.017921
763.58	0.018224
764.08	0.01815
764.58	0.018634
765.09	0.019543
765.59	0.018449
766.1	0.018685
766.6	0.019465
767.1	0.019848
767.61	0.019145
768.11	0.01885
768.62	0.019086
769.12	0.020068
