376.5	0.035761
377.01	0.034794
377.51	0.035037
378.02	0.036115
378.52	0.033935
379.02	0.033297
379.53	0.033373
380.03	0.032183
380.54	0.03189
381.04	0.031346
381.54	0.030654
382.05	0.029951
382.55	0.029452
383.06	0.029073
383.56	0.028107
384.06	0.028096
384.57	0.028356
385.07	0.026769
385.58	0.02637
386.08	0.026101
386.58	0.02524
387.09	0.025211
387.59	0.024493
388.1	0.024309
388.6	0.023704
389.1	0.022931
389.61	0.0228
390.11	0.023032
390.62	0.022311
391.12	0.020979
391.62	0.021059
392.13	0.021286
392.63	0.020789
393.14	0.020788
393.64	0.020069
394.14	0.020019
394.65	0.020229
395.15	0.019173
395.66	0.019253
396.16	0.018885
396.66	0.018973
397.17	0.018587
397.67	0.017883
398.18	0.01844
398.68	0.018109
399.18	0.018092
399.69	0.018056
400.19	0.017727
400.7	0.018085
401.2	0.017459
401.7	0.017818
402.21	0.017716
402.71	0.017922
403.22	0.01784
403.72	0.018059
404.22	0.017987
404.73	0.017889
405.23	0.017441
405.74	0.018379
406.24	0.017596
406.74	0.017937
407.25	0.01778
407.75	0.018068
408.26	0.018015
408.76	0.017893
409.26	0.017931
409.77	0.017924
410.27	0.018195
410.78	0.018153
411.28	0.017983
411.78	0.018163
412.29	0.018495
412.79	0.018253
413.3	0.018553
413.8	0.018636
414.3	0.01826
414.81	0.018386
415.31	0.018353
415.82	0.018433
416.32	0.018273
416.82	0.018538
417.33	0.01828
417.83	0.018341
418.34	0.018314
418.84	0.017909
419.34	0.018277
419.85	0.018136
420.35	0.017987
420.86	0.018092
421.36	0.018064
421.86	0.018
422.37	0.018142
422.87	0.018092
423.38	0.017762
423.88	0.017944
424.38	0.018054
424.89	0.017571
425.39	0.017634
425.9	0.017867
426.4	0.017837
426.9	0.017537
427.41	0.017614
427.91	0.017894
428.42	0.017439
428.92	0.01731
429.42	0.017271
429.93	0.017549
430.43	0.017645
430.94	0.01755
431.44	0.017515
431.94	0.017484
432.45	0.017648
432.95	0.01748
433.46	0.017536
433.96	0.017398
434.46	0.017309
434.97	0.017458
435.47	0.017511
435.98	0.017449
436.48	0.017476
436.98	0.0173
437.49	0.017365
437.99	0.017337
438.5	0.017324
439	0.017115
439.5	0.017434
440.01	0.017348
440.51	0.017442
441.02	0.017194
441.52	0.017102
442.02	0.017197
442.53	0.017154
443.03	0.017222
443.54	0.01712
444.04	0.017166
444.54	0.016997
445.05	0.017232
445.55	0.017237
446.06	0.017028
446.56	0.017192
447.06	0.016959
447.57	0.016901
448.07	0.016987
448.58	0.016935
449.08	0.016809
449.58	0.016817
450.09	0.017055
450.59	0.017006
451.1	0.017031
451.6	0.016926
452.1	0.016875
452.61	0.01699
453.11	0.016926
453.62	0.016684
454.12	0.016902
454.62	0.016777
455.13	0.01681
455.63	0.016727
456.14	0.016796
456.64	0.01668
457.14	0.016751
457.65	0.016777
458.15	0.016797
458.66	0.016685
459.16	0.016674
459.66	0.01655
460.17	0.01664
460.67	0.016606
461.18	0.016651
461.68	0.016671
462.18	0.016561
462.69	0.016657
463.19	0.0166
463.7	0.016602
464.2	0.016541
464.7	0.016566
465.21	0.016584
465.71	0.016536
466.22	0.01647
466.72	0.016462
467.22	0.016547
467.73	0.016355
468.23	0.016409
468.74	0.016334
469.24	0.016402
469.74	0.016309
470.25	0.016349
470.75	0.01633
471.26	0.016277
471.76	0.016254
472.26	0.01618
472.77	0.016198
473.27	0.016143
473.78	0.016062
474.28	0.016084
474.78	0.016108
475.29	0.015984
475.79	0.016
476.3	0.015907
476.8	0.015891
477.3	0.015873
477.81	0.015908
478.31	0.015813
478.82	0.015725
479.32	0.015799
479.82	0.01566
480.33	0.01571
480.83	0.015716
481.34	0.015684
481.84	0.015599
482.34	0.01561
482.85	0.015606
483.35	0.015603
483.86	0.015536
484.36	0.015584
484.86	0.015587
485.37	0.015592
485.87	0.015444
486.38	0.015425
486.88	0.015498
487.38	0.015502
487.89	0.015427
488.39	0.01543
488.9	0.015489
489.4	0.015444
489.9	0.015406
490.41	0.015428
490.91	0.01537
491.42	0.015395
491.92	0.01534
492.42	0.015319
492.93	0.015372
493.43	0.015391
493.94	0.015253
494.44	0.01537
494.94	0.015269
495.45	0.015278
495.95	0.015179
496.46	0.015206
496.96	0.015245
497.46	0.015218
497.97	0.015203
498.47	0.015302
498.98	0.015153
499.48	0.015117
499.98	0.01507
500.49	0.015128
500.99	0.015093
501.5	0.015024
502	0.014982
502.5	0.014986
503.01	0.014956
503.51	0.014925
504.02	0.014881
504.52	0.014869
505.02	0.014864
505.53	0.014813
506.03	0.01484
506.54	0.014865
507.04	0.014731
507.54	0.014829
508.05	0.014715
508.55	0.01472
509.06	0.014741
509.56	0.014639
510.06	0.014613
510.57	0.014658
511.07	0.014643
511.58	0.014649
512.08	0.014576
512.58	0.014547
513.09	0.014563
513.59	0.014562
514.1	0.014481
514.6	0.014462
515.1	0.014421
515.61	0.014463
516.11	0.014468
516.62	0.014412
517.12	0.014378
517.62	0.014367
518.13	0.014322
518.63	0.014317
519.14	0.014356
519.64	0.014282
520.14	0.014246
520.65	0.01432
521.15	0.014264
521.66	0.014255
522.16	0.014258
522.66	0.014224
523.17	0.014204
523.67	0.014158
524.18	0.014158
524.68	0.014206
525.18	0.014069
525.69	0.014086
526.19	0.014064
526.7	0.014045
527.2	0.014037
527.7	0.013996
528.21	0.014005
528.71	0.014013
529.22	0.013991
529.72	0.013972
530.22	0.013962
530.73	0.013952
531.23	0.013913
531.74	0.013918
532.24	0.013933
532.74	0.013906
533.25	0.013882
533.75	0.013817
534.26	0.013827
534.76	0.013822
535.26	0.013814
535.77	0.013771
536.27	0.013697
536.78	0.013766
537.28	0.013764
537.78	0.013671
538.29	0.013729
538.79	0.013665
539.3	0.013735
539.8	0.013687
540.3	0.01368
540.81	0.013646
541.31	0.013631
541.82	0.013549
542.32	0.013607
542.82	0.013613
543.33	0.013597
543.83	0.013584
544.34	0.013586
544.84	0.013541
545.34	0.013524
545.85	0.013485
546.35	0.013537
546.86	0.01348
547.36	0.01348
547.86	0.013462
548.37	0.013493
548.87	0.013488
549.38	0.013494
549.88	0.013421
550.38	0.013447
550.89	0.013393
551.39	0.013371
551.9	0.013428
552.4	0.0134
552.9	0.013376
553.41	0.013347
553.91	0.013374
554.42	0.013323
554.92	0.013304
555.42	0.013343
555.93	0.013294
556.43	0.013256
556.94	0.013317
557.44	0.01328
557.94	0.013224
558.45	0.013224
558.95	0.013233
559.46	0.01325
559.96	0.013222
560.46	0.013233
560.97	0.013236
561.47	0.013194
561.98	0.013154
562.48	0.013196
562.98	0.013142
563.49	0.013132
563.99	0.013157
564.5	0.013182
565	0.013125
565.5	0.013097
566.01	0.013102
566.51	0.013073
567.02	0.013065
567.52	0.013073
568.02	0.013075
568.53	0.013062
569.03	0.013043
569.54	0.013008
570.04	0.013042
570.54	0.012998
571.05	0.013016
571.55	0.013021
572.06	0.013004
572.56	0.012929
573.06	0.01298
573.57	0.012981
574.07	0.012954
574.58	0.012943
575.08	0.012909
575.58	0.012912
576.09	0.01291
576.59	0.012885
577.1	0.012911
577.6	0.012851
578.1	0.012894
578.61	0.012875
579.11	0.012886
579.62	0.01286
580.12	0.012848
580.62	0.012825
581.13	0.012846
581.63	0.012872
582.14	0.012836
582.64	0.012826
583.14	0.012846
583.65	0.012771
584.15	0.012859
584.66	0.012813
585.16	0.012812
585.66	0.012786
586.17	0.01282
586.67	0.012819
587.18	0.012781
587.68	0.012738
588.18	0.012743
588.69	0.012738
589.19	0.012775
589.7	0.012762
590.2	0.012732
590.7	0.012701
591.21	0.012737
591.71	0.012708
592.22	0.012723
592.72	0.012716
593.22	0.012682
593.73	0.012697
594.23	0.012681
594.74	0.012688
595.24	0.012688
595.74	0.012636
596.25	0.012616
596.75	0.012687
597.26	0.012598
597.76	0.012604
598.26	0.012656
598.77	0.012599
599.27	0.012557
599.78	0.01259
600.28	0.012559
600.78	0.012558
601.29	0.012611
601.79	0.012531
602.3	0.012586
602.8	0.012527
603.3	0.012504
603.81	0.012463
604.31	0.012514
604.82	0.012458
605.32	0.012569
605.82	0.012525
606.33	0.012503
606.83	0.012497
607.34	0.012553
607.84	0.012505
608.34	0.012531
608.85	0.012476
609.35	0.012488
609.86	0.012446
610.36	0.012428
610.86	0.012485
611.37	0.01242
611.87	0.012446
612.38	0.012389
612.88	0.012428
613.38	0.01239
613.89	0.012414
614.39	0.012405
614.9	0.012391
615.4	0.012391
615.9	0.012367
616.41	0.012346
616.91	0.012318
617.42	0.012324
617.92	0.012324
618.42	0.012338
618.93	0.012333
619.43	0.012328
619.94	0.012334
620.44	0.012323
620.94	0.012333
621.45	0.012263
621.95	0.012259
622.46	0.0123
622.96	0.01229
623.46	0.012265
623.97	0.012253
624.47	0.012237
624.98	0.01223
625.48	0.012225
625.98	0.012208
626.49	0.012126
626.99	0.012153
627.5	0.01215
628	0.012088
628.5	0.012072
629.01	0.012099
629.51	0.012156
630.02	0.012097
630.52	0.012084
631.02	0.012147
631.53	0.012047
632.03	0.012101
632.54	0.012046
633.04	0.012108
633.54	0.012084
634.05	0.012072
634.55	0.012121
635.06	0.012023
635.56	0.01203
636.06	0.012054
636.57	0.011968
637.07	0.012022
637.58	0.012034
638.08	0.012017
638.58	0.011999
639.09	0.011964
639.59	0.011946
640.1	0.011919
640.6	0.011948
641.1	0.012015
641.61	0.011912
642.11	0.011895
642.62	0.011881
643.12	0.011878
643.62	0.011942
644.13	0.011873
644.63	0.011904
645.14	0.011867
645.64	0.011863
646.14	0.01184
646.65	0.011822
647.15	0.011841
647.66	0.011794
648.16	0.011874
648.66	0.011853
649.17	0.011787
649.67	0.011846
650.18	0.011817
650.68	0.011809
651.18	0.011805
651.69	0.011895
652.19	0.011821
652.7	0.011752
653.2	0.011797
653.7	0.011789
654.21	0.011752
654.71	0.01177
655.22	0.011801
655.72	0.011739
656.22	0.011762
656.73	0.01175
657.23	0.01181
657.74	0.01175
658.24	0.01185
658.74	0.011778
659.25	0.011796
659.75	0.011787
660.26	0.011768
660.76	0.011694
661.26	0.011677
661.77	0.011719
662.27	0.011755
662.78	0.011687
663.28	0.011747
663.78	0.011717
664.29	0.011729
664.79	0.011801
665.3	0.011685
665.8	0.011676
666.3	0.011629
666.81	0.011627
667.31	0.011631
667.82	0.01164
668.32	0.011583
668.82	0.011573
669.33	0.011599
669.83	0.011629
670.34	0.011564
670.84	0.011567
671.34	0.011498
671.85	0.011581
672.35	0.011573
672.86	0.011464
673.36	0.011512
673.86	0.01151
674.37	0.01146
674.87	0.011457
675.38	0.011507
675.88	0.011431
676.38	0.011496
676.89	0.011375
677.39	0.011399
677.9	0.011266
678.4	0.011442
678.9	0.011321
679.41	0.011267
679.91	0.011262
680.42	0.011158
680.92	0.011307
681.42	0.011185
681.93	0.011239
682.43	0.011151
682.94	0.011229
683.44	0.011213
683.94	0.011132
684.45	0.011131
684.95	0.011183
685.46	0.01129
685.96	0.011211
686.46	0.011173
686.97	0.011142
687.47	0.011062
687.98	0.011222
688.48	0.011138
688.98	0.011173
689.49	0.011069
689.99	0.011202
690.5	0.011156
691	0.011199
691.5	0.011164
692.01	0.011345
692.51	0.011234
693.02	0.011276
693.52	0.011379
694.02	0.011253
694.53	0.011467
695.03	0.011276
695.54	0.011339
696.04	0.011626
696.54	0.01141
697.05	0.011524
697.55	0.011644
698.06	0.011516
698.56	0.011716
699.06	0.011517
699.57	0.011695
700.07	0.011534
700.58	0.011691
701.08	0.011733
701.58	0.011842
702.09	0.011596
702.59	0.01183
703.1	0.0119
703.6	0.011879
704.1	0.011672
704.61	0.011769
705.11	0.01172
705.62	0.011629
706.12	0.011694
706.62	0.011827
707.13	0.011658
707.63	0.011865
708.14	0.011747
708.64	0.011936
709.14	0.011839
709.65	0.011697
710.15	0.012001
710.66	0.011686
711.16	0.011863
711.66	0.01165
712.17	0.011885
712.67	0.011888
713.18	0.011816
713.68	0.011743
714.18	0.011903
714.69	0.011733
715.19	0.011939
715.7	0.011715
716.2	0.011882
716.7	0.011613
717.21	0.011588
717.71	0.011758
718.22	0.011422
718.72	0.011652
719.22	0.011572
719.73	0.011499
720.23	0.011782
720.74	0.011785
721.24	0.011546
721.74	0.011502
722.25	0.011798
722.75	0.011568
723.26	0.011762
723.76	0.011386
724.26	0.01182
724.77	0.011126
725.27	0.011759
725.78	0.011649
726.28	0.011812
726.78	0.011809
727.29	0.011977
727.79	0.012286
728.3	0.011961
728.8	0.012201
729.3	0.012039
729.81	0.012358
730.31	0.012131
730.82	0.01175
731.32	0.012266
731.82	0.011885
732.33	0.012171
732.83	0.012268
733.34	0.01255
733.84	0.012216
734.34	0.012305
734.85	0.012339
735.35	0.012831
735.86	0.012903
736.36	0.012956
736.86	0.011858
737.37	0.012738
737.87	0.01243
738.38	0.013056
738.88	0.01267
739.38	0.013853
739.89	0.012885
740.39	0.013173
740.9	0.013458
741.4	0.014077
741.9	0.013445
742.41	0.013956
742.91	0.014048
743.42	0.014394
743.92	0.014241
744.42	0.014187
744.93	0.014642
745.43	0.014161
745.94	0.014293
746.44	0.014477
746.94	0.015183
747.45	0.014359
747.95	0.014516
748.46	0.015287
748.96	0.014478
749.46	0.014992
749.97	0.014941
750.47	0.014827
750.98	0.015173
751.48	0.015626
751.98	0.015365
752.49	0.016318
752.99	0.015534
753.5	0.016518
754	0.01581
754.5	0.015842
755.01	0.015889
755.51	0.016421
756.02	0.017392
756.52	0.015436
757.02	0.01636
757.53	0.016965
758.03	0.016268
758.54	0.016263
759.04	0.017812
759.54	0.017955
760.05	0.017348
760.55	0.016309
761.06	0.018268
761.56	0.018328
762.06	0.017883
762.57	0.017373
763.07	0.018095
763.58	0.018348
764.08	0.018581
764.58	0.019083
765.09	0.01962
765.59	0.018644
766.1	0.019039
766.6	0.019651
767.1	0.020157
767.61	0.019563
768.11	0.018485
768.62	0.019224
769.12	0.020302
