376.5	0.026018
377.01	0.025422
377.51	0.026626
378.02	0.025191
378.52	0.024872
379.02	0.024904
379.53	0.024932
380.03	0.023217
380.54	0.024435
381.04	0.023172
381.54	0.023012
382.05	0.023791
382.55	0.023201
383.06	0.023932
383.56	0.022324
384.06	0.023749
384.57	0.022024
385.07	0.022441
385.58	0.021963
386.08	0.021655
386.58	0.021885
387.09	0.021401
387.59	0.021071
388.1	0.020927
388.6	0.021377
389.1	0.020264
389.61	0.01971
390.11	0.019998
390.62	0.019242
391.12	0.019582
391.62	0.018139
392.13	0.018995
392.63	0.017532
393.14	0.017791
393.64	0.017608
394.14	0.017113
394.65	0.016686
395.15	0.016392
395.66	0.015862
396.16	0.015925
396.66	0.016019
397.17	0.015533
397.67	0.015249
398.18	0.015005
398.68	0.01551
399.18	0.015596
399.69	0.014551
400.19	0.014572
400.7	0.013814
401.2	0.013893
401.7	0.013182
402.21	0.014066
402.71	0.013276
403.22	0.013839
403.72	0.012836
404.22	0.013386
404.73	0.012937
405.23	0.012513
405.74	0.012463
406.24	0.012116
406.74	0.011898
407.25	0.011537
407.75	0.01209
408.26	0.01167
408.76	0.011809
409.26	0.011498
409.77	0.011585
410.27	0.011185
410.78	0.011712
411.28	0.010948
411.78	0.011325
412.29	0.011158
412.79	0.010933
413.3	0.01089
413.8	0.010867
414.3	0.011144
414.81	0.010558
415.31	0.010943
415.82	0.011088
416.32	0.010626
416.82	0.010667
417.33	0.010693
417.83	0.010835
418.34	0.010399
418.84	0.01086
419.34	0.010898
419.85	0.010968
420.35	0.011042
420.86	0.011165
421.36	0.011425
421.86	0.011354
422.37	0.011337
422.87	0.01131
423.38	0.011575
423.88	0.011368
424.38	0.01142
424.89	0.011597
425.39	0.011807
425.9	0.011511
426.4	0.011904
426.9	0.011852
427.41	0.011932
427.91	0.011915
428.42	0.011896
428.92	0.01186
429.42	0.011942
429.93	0.01204
430.43	0.012198
430.94	0.012121
431.44	0.012346
431.94	0.01214
432.45	0.012127
432.95	0.012274
433.46	0.012272
433.96	0.012128
434.46	0.012181
434.97	0.012396
435.47	0.012377
435.98	0.012264
436.48	0.012338
436.98	0.012154
437.49	0.012357
437.99	0.012627
438.5	0.012174
439	0.012215
439.5	0.012128
440.01	0.012119
440.51	0.012287
441.02	0.012167
441.52	0.012053
442.02	0.012211
442.53	0.011976
443.03	0.012017
443.54	0.011949
444.04	0.011963
444.54	0.011952
445.05	0.012083
445.55	0.01191
446.06	0.012118
446.56	0.012115
447.06	0.012011
447.57	0.012027
448.07	0.011973
448.58	0.012029
449.08	0.011906
449.58	0.012157
450.09	0.012159
450.59	0.012093
451.1	0.012163
451.6	0.012166
452.1	0.012004
452.61	0.012015
453.11	0.012214
453.62	0.012057
454.12	0.012263
454.62	0.012003
455.13	0.012179
455.63	0.012203
456.14	0.012147
456.64	0.012155
457.14	0.012196
457.65	0.012199
458.15	0.012185
458.66	0.012304
459.16	0.012177
459.66	0.012286
460.17	0.012312
460.67	0.012323
461.18	0.01239
461.68	0.012327
462.18	0.01227
462.69	0.012302
463.19	0.012228
463.7	0.012334
464.2	0.012443
464.7	0.012354
465.21	0.012303
465.71	0.012363
466.22	0.01229
466.72	0.012258
467.22	0.012334
467.73	0.012309
468.23	0.012364
468.74	0.012259
469.24	0.012301
469.74	0.012277
470.25	0.012308
470.75	0.012286
471.26	0.012355
471.76	0.012375
472.26	0.012286
472.77	0.012316
473.27	0.012319
473.78	0.012395
474.28	0.012442
474.78	0.012374
475.29	0.012356
475.79	0.012356
476.3	0.012359
476.8	0.012355
477.3	0.0123
477.81	0.012493
478.31	0.012469
478.82	0.012488
479.32	0.012451
479.82	0.012419
480.33	0.012417
480.83	0.012382
481.34	0.01242
481.84	0.012422
482.34	0.012424
482.85	0.012508
483.35	0.012578
483.86	0.012463
484.36	0.012468
484.86	0.012518
485.37	0.01247
485.87	0.012427
486.38	0.012416
486.88	0.012465
487.38	0.012397
487.89	0.012433
488.39	0.012495
488.9	0.012407
489.4	0.012458
489.9	0.01237
490.41	0.012401
490.91	0.012424
491.42	0.012418
491.92	0.01243
492.42	0.012416
492.93	0.012469
493.43	0.012406
493.94	0.012406
494.44	0.012377
494.94	0.012333
495.45	0.012375
495.95	0.012302
496.46	0.012309
496.96	0.012375
497.46	0.012319
497.97	0.012292
498.47	0.01232
498.98	0.012267
499.48	0.012265
499.98	0.01225
500.49	0.012225
500.99	0.012254
501.5	0.012284
502	0.012235
502.5	0.012191
503.01	0.012147
503.51	0.012156
504.02	0.012265
504.52	0.012185
505.02	0.012145
505.53	0.012164
506.03	0.012135
506.54	0.012125
507.04	0.012166
507.54	0.012112
508.05	0.012142
508.55	0.012177
509.06	0.012142
509.56	0.012157
510.06	0.012167
510.57	0.012071
511.07	0.012141
511.58	0.012177
512.08	0.012157
512.58	0.012156
513.09	0.012103
513.59	0.012121
514.1	0.012207
514.6	0.012161
515.1	0.012156
515.61	0.012176
516.11	0.012144
516.62	0.012218
517.12	0.012174
517.62	0.012149
518.13	0.012225
518.63	0.012233
519.14	0.012172
519.64	0.012173
520.14	0.012193
520.65	0.012181
521.15	0.012264
521.66	0.012181
522.16	0.012237
522.66	0.012216
523.17	0.012196
523.67	0.012231
524.18	0.012221
524.68	0.012219
525.18	0.012229
525.69	0.012181
526.19	0.012193
526.7	0.012257
527.2	0.012223
527.7	0.012254
528.21	0.012195
528.71	0.012233
529.22	0.012162
529.72	0.012188
530.22	0.012192
530.73	0.012225
531.23	0.012171
531.74	0.012244
532.24	0.012162
532.74	0.012199
533.25	0.012212
533.75	0.01225
534.26	0.012182
534.76	0.01214
535.26	0.012179
535.77	0.01216
536.27	0.012183
536.78	0.012162
537.28	0.01214
537.78	0.012168
538.29	0.01217
538.79	0.012117
539.3	0.012179
539.8	0.012127
540.3	0.012142
540.81	0.012153
541.31	0.012107
541.82	0.01207
542.32	0.012099
542.82	0.012102
543.33	0.012078
543.83	0.012095
544.34	0.011992
544.84	0.01208
545.34	0.012072
545.85	0.011989
546.35	0.012043
546.86	0.012024
547.36	0.012065
547.86	0.012058
548.37	0.012065
548.87	0.012071
549.38	0.01203
549.88	0.012004
550.38	0.01199
550.89	0.012059
551.39	0.011922
551.9	0.012
552.4	0.011972
552.9	0.012002
553.41	0.011944
553.91	0.011973
554.42	0.011949
554.92	0.011987
555.42	0.011945
555.93	0.011917
556.43	0.011917
556.94	0.011916
557.44	0.01189
557.94	0.011966
558.45	0.01193
558.95	0.01195
559.46	0.01193
559.96	0.011889
560.46	0.011861
560.97	0.011851
561.47	0.011904
561.98	0.011867
562.48	0.011827
562.98	0.011918
563.49	0.011858
563.99	0.011793
564.5	0.011829
565	0.011865
565.5	0.011747
566.01	0.011792
566.51	0.011766
567.02	0.011836
567.52	0.011745
568.02	0.011785
568.53	0.011771
569.03	0.011828
569.54	0.011747
570.04	0.011814
570.54	0.011739
571.05	0.011782
571.55	0.011722
572.06	0.011714
572.56	0.011729
573.06	0.011727
573.57	0.011665
574.07	0.011726
574.58	0.011704
575.08	0.011726
575.58	0.011697
576.09	0.011675
576.59	0.011656
577.1	0.011634
577.6	0.011592
578.1	0.011673
578.61	0.011615
579.11	0.011625
579.62	0.011661
580.12	0.011582
580.62	0.011654
581.13	0.011662
581.63	0.011631
582.14	0.011638
582.64	0.011631
583.14	0.011583
583.65	0.0116
584.15	0.01161
584.66	0.011542
585.16	0.011565
585.66	0.011539
586.17	0.011552
586.67	0.011509
587.18	0.011564
587.68	0.011565
588.18	0.011546
588.69	0.011515
589.19	0.011515
589.7	0.011534
590.2	0.011533
590.7	0.011487
591.21	0.011585
591.71	0.011476
592.22	0.011476
592.72	0.011455
593.22	0.011484
593.73	0.011459
594.23	0.011456
594.74	0.011511
595.24	0.011405
595.74	0.011489
596.25	0.011472
596.75	0.011404
597.26	0.01145
597.76	0.011387
598.26	0.011403
598.77	0.011408
599.27	0.011397
599.78	0.011401
600.28	0.011365
600.78	0.011396
601.29	0.011411
601.79	0.011363
602.3	0.011467
602.8	0.011363
603.3	0.011361
603.81	0.011371
604.31	0.011385
604.82	0.011348
605.32	0.011347
605.82	0.011315
606.33	0.0113
606.83	0.011339
607.34	0.011327
607.84	0.011323
608.34	0.011282
608.85	0.011348
609.35	0.011312
609.86	0.011313
610.36	0.011312
610.86	0.011286
611.37	0.011303
611.87	0.011285
612.38	0.011242
612.88	0.011296
613.38	0.011215
613.89	0.011249
614.39	0.011269
614.9	0.01121
615.4	0.01123
615.9	0.011216
616.41	0.01119
616.91	0.011186
617.42	0.011138
617.92	0.011123
618.42	0.011243
618.93	0.011216
619.43	0.011142
619.94	0.011152
620.44	0.011119
620.94	0.011061
621.45	0.011132
621.95	0.01108
622.46	0.011073
622.96	0.011018
623.46	0.011065
623.97	0.011056
624.47	0.01102
624.98	0.011029
625.48	0.01103
625.98	0.010976
626.49	0.01099
626.99	0.010983
627.5	0.010951
628	0.01099
628.5	0.010957
629.01	0.010987
629.51	0.010932
630.02	0.010898
630.52	0.010958
631.02	0.010927
631.53	0.010921
632.03	0.010956
632.54	0.011006
633.04	0.010958
633.54	0.010959
634.05	0.010944
634.55	0.010875
635.06	0.010944
635.56	0.01096
636.06	0.010903
636.57	0.010991
637.07	0.0109
637.58	0.010911
638.08	0.010899
638.58	0.010877
639.09	0.010893
639.59	0.010874
640.1	0.010911
640.6	0.010876
641.1	0.010805
641.61	0.010894
642.11	0.010887
642.62	0.010828
643.12	0.010848
643.62	0.010788
644.13	0.010858
644.63	0.010853
645.14	0.010784
645.64	0.010783
646.14	0.010797
646.65	0.010733
647.15	0.010825
647.66	0.010815
648.16	0.010767
648.66	0.010814
649.17	0.010794
649.67	0.010844
650.18	0.010767
650.68	0.010757
651.18	0.010829
651.69	0.010787
652.19	0.010815
652.7	0.010786
653.2	0.010774
653.7	0.010855
654.21	0.010795
654.71	0.010819
655.22	0.010861
655.72	0.010772
656.22	0.010712
656.73	0.010853
657.23	0.010735
657.74	0.010837
658.24	0.010733
658.74	0.01082
659.25	0.010711
659.75	0.010789
660.26	0.010742
660.76	0.010788
661.26	0.010733
661.77	0.010741
662.27	0.010751
662.78	0.01076
663.28	0.010715
663.78	0.010679
664.29	0.010686
664.79	0.010684
665.3	0.010612
665.8	0.010599
666.3	0.010594
666.81	0.010607
667.31	0.01057
667.82	0.01046
668.32	0.010521
668.82	0.010443
669.33	0.010516
669.83	0.010332
670.34	0.010524
670.84	0.010339
671.34	0.010382
671.85	0.010316
672.35	0.010282
672.86	0.010364
673.36	0.010358
673.86	0.010251
674.37	0.010351
674.87	0.010188
675.38	0.010065
675.88	0.010136
676.38	0.010091
676.89	0.010147
677.39	0.010085
677.9	0.01014
678.4	0.01011
678.9	0.010048
679.41	0.010109
679.91	0.0099807
680.42	0.010156
680.92	0.010039
681.42	0.009847
681.93	0.0099598
682.43	0.0099616
682.94	0.009993
683.44	0.010027
683.94	0.0099051
684.45	0.010026
684.95	0.0099795
685.46	0.0099219
685.96	0.0099652
686.46	0.010059
686.97	0.009975
687.47	0.010093
687.98	0.010155
688.48	0.0099986
688.98	0.010038
689.49	0.0099095
689.99	0.010065
690.5	0.0099664
691	0.010021
691.5	0.01001
692.01	0.0099755
692.51	0.010068
693.02	0.0099285
693.52	0.01004
694.02	0.009863
694.53	0.0099685
695.03	0.0099178
695.54	0.010017
696.04	0.010109
696.54	0.0098222
697.05	0.0099901
697.55	0.010015
698.06	0.0099077
698.56	0.009823
699.06	0.0099492
699.57	0.0097648
700.07	0.0097641
700.58	0.0096861
701.08	0.0096353
701.58	0.0096012
702.09	0.0095194
702.59	0.0095614
703.1	0.0096365
703.6	0.0094802
704.1	0.0095679
704.61	0.0094585
705.11	0.0094071
705.62	0.0094595
706.12	0.009479
706.62	0.0091798
707.13	0.0093558
707.63	0.0091335
708.14	0.0090535
708.64	0.0088497
709.14	0.0091005
709.65	0.0088792
710.15	0.0088043
710.66	0.0087277
711.16	0.008884
711.66	0.0086256
712.17	0.0088214
712.67	0.0085853
713.18	0.0086135
713.68	0.0084429
714.18	0.0084955
714.69	0.0088855
715.19	0.0084341
715.7	0.0083305
716.2	0.0083733
716.7	0.0081627
717.21	0.0081491
717.71	0.0081117
718.22	0.0083306
718.72	0.0083724
719.22	0.0081693
719.73	0.0081152
720.23	0.0081434
720.74	0.0079403
721.24	0.0082621
721.74	0.0084562
722.25	0.0083409
722.75	0.0083645
723.26	0.0082718
723.76	0.0079539
724.26	0.0081332
724.77	0.007714
725.27	0.0079238
725.78	0.0082603
726.28	0.0080373
726.78	0.0079845
727.29	0.0080936
727.79	0.0084115
728.3	0.008315
728.8	0.0081944
729.3	0.0083352
729.81	0.0088515
730.31	0.008369
730.82	0.0080941
731.32	0.0085306
731.82	0.0082902
732.33	0.0087397
732.83	0.008733
733.34	0.0087532
733.84	0.0085905
734.34	0.0083758
734.85	0.008675
735.35	0.0088588
735.86	0.0085898
736.36	0.0087719
736.86	0.0088121
737.37	0.0087504
737.87	0.0087658
738.38	0.008765
738.88	0.0089924
739.38	0.0088476
739.89	0.0089676
740.39	0.0094921
740.9	0.0086246
741.4	0.0088208
741.9	0.0090283
742.41	0.0090769
742.91	0.0091193
743.42	0.0092204
743.92	0.0095792
744.42	0.0091032
744.93	0.0093841
745.43	0.009423
745.94	0.009697
746.44	0.010029
746.94	0.0099887
747.45	0.0096903
747.95	0.0094788
748.46	0.0095789
748.96	0.0098516
749.46	0.0090259
749.97	0.0093864
750.47	0.0097828
750.98	0.010102
751.48	0.010011
751.98	0.0094767
752.49	0.0093869
752.99	0.0095402
753.5	0.0099383
754	0.0095681
754.5	0.010046
755.01	0.0094972
755.51	0.010116
756.02	0.0097213
756.52	0.010173
757.02	0.010135
757.53	0.0097761
758.03	0.009201
758.54	0.009638
759.04	0.0094159
759.54	0.010303
760.05	0.0089799
760.55	0.0097854
761.06	0.010379
761.56	0.010255
762.06	0.0090242
762.57	0.0097437
763.07	0.0091978
763.58	0.0096261
764.08	0.0092883
764.58	0.01018
765.09	0.010173
765.59	0.010261
766.1	0.010601
766.6	0.010213
767.1	0.0097789
767.61	0.010316
768.11	0.010796
768.62	0.010152
769.12	0.010976
